net
{
	name = "R_data_framewekafilterssupervisedattributeDiscretizeRfirstlastprecision6wekafilterssupervisedattributeAttributeSelectionEwekaattributeSelectionCfsSubsetEvalP1E1SwekaattributeSelectionBestFirstD1N5wekafilterssupervisedattributeAttributeSelectionEwekaattributeSelectionCfsSubsetEvalP1E1SwekaattributeSelectionBestFirstD1N5wekafilterssupervisedattributeAttributeSelectionEwekaattributeSelectionCfsSubsetEvalP1E1SwekaattributeSelectionBestFirstD1N5wekafilterssupervisedattributeDiscretizeRfirstlastprecision6wekafiltersunsupervisedattributeRemoveVR2481014192227363942444647495456wekafiltersunsupervisedattributeReplaceMissingValues";
	label = "R_data_frame-weka.filters.supervised.attribute.Discretize-Rfirst-last-precision6-weka.filters.supervised.attribute.AttributeSelection-Eweka.attributeSelection.CfsSubsetEval -P 1 -E 1-Sweka.attributeSelection.BestFirst -D 1 -N 5-weka.filters.supervised.attribute.AttributeSelection-Eweka.attributeSelection.CfsSubsetEval -P 1 -E 1-Sweka.attributeSelection.BestFirst -D 1 -N 5-weka.filters.supervised.attribute.AttributeSelection-Eweka.attributeSelection.CfsSubsetEval -P 1 -E 1-Sweka.attributeSelection.BestFirst -D 1 -N 5-weka.filters.supervised.attribute.Discretize-Rfirst-last-precision6-weka.filters.unsupervised.attribute.Remove-V-R2,4,8-10,14,19,22-27,36,39,42,44,46-47,49-54,56-weka.filters.unsupervised.attribute.ReplaceMissingValues";
	node_size = (130 55);
}

node V80
{
	states = ("'(-inf--0.99002]'" "'(-0.99002--0.930246]'" "'(-0.930246--0.542844]'" "'(-0.542844-0.566474]'" "'(0.566474-0.914754]'" "'(0.914754-0.987418]'" "'(0.987418-inf)'" );
	position = (270 90);
	label = "V80";
}
node V557
{
	states = ("'(-inf--0.912737]'" "'(-0.912737--0.767303]'" "'(-0.767303--0.695176]'" "'(-0.695176--0.561594]'" "'(-0.561594--0.436628]'" "'(-0.436628-0.261573]'" "'(0.261573-0.56223]'" "'(0.56223-0.732136]'" "'(0.732136-0.868185]'" "'(0.868185-0.921978]'" "'(0.921978-inf)'" );
	position = (990 90);
	label = "V557";
}
node V370
{
	states = ("'(-inf--0.94]'" "'(-0.94--0.9]'" "'(-0.9--0.86]'" "'(-0.86--0.82]'" "'(-0.82--0.78]'" "'(-0.78--0.74]'" "'(-0.74--0.66]'" "'(-0.66--0.62]'" "'(-0.62--0.54]'" "'(-0.54--0.5]'" "'(-0.5--0.46]'" "'(-0.46--0.22]'" "'(-0.22--0.1]'" "'(-0.1-0.06]'" "'(0.06-inf)'" );
	position = (630 90);
	label = "V370";
}
node V121
{
	states = ("'(-inf--0.468524]'" "'(-0.468524--0.2842]'" "'(-0.2842--0.129685]'" "'(-0.129685--0.084545]'" "'(-0.084545--0.05211]'" "'(-0.05211--0.040274]'" "'(-0.040274--0.030297]'" "'(-0.030297--0.025446]'" "'(-0.025446--0.019981]'" "'(-0.019981--0.010715]'" "'(-0.010715-0.001687]'" "'(0.001687-0.067715]'" "'(0.067715-0.243678]'" "'(0.243678-0.530849]'" "'(0.530849-inf)'" );
	position = (405 90);
	label = "V121";
}
node V54
{
	states = ("'(-inf--0.760609]'" "'(-0.760609--0.529905]'" "'(-0.529905--0.440644]'" "'(-0.440644--0.391891]'" "'(-0.391891--0.373814]'" "'(-0.373814--0.335047]'" "'(-0.335047--0.281006]'" "'(-0.281006--0.235289]'" "'(-0.235289--0.207452]'" "'(-0.207452--0.175256]'" "'(-0.175256--0.145929]'" "'(-0.145929--0.102826]'" "'(-0.102826--0.058026]'" "'(-0.058026--0.030146]'" "'(-0.030146-0.026302]'" "'(0.026302-0.111227]'" "'(0.111227-0.141643]'" "'(0.141643-0.188938]'" "'(0.188938-0.196012]'" "'(0.196012-0.196268]'" "'(0.196268-0.201854]'" "'(0.201854-0.228067]'" "'(0.228067-0.364103]'" "'(0.364103-0.374449]'" "'(0.374449-0.429982]'" "'(0.429982-0.565103]'" "'(0.565103-0.620528]'" "'(0.620528-0.621949]'" "'(0.621949-inf)'" );
	position = (180 90);
	label = "V54";
}
node V158
{
	states = ("'(-inf--0.820039]'" "'(-0.820039--0.607864]'" "'(-0.607864--0.40478]'" "'(-0.40478-0.171113]'" "'(0.171113-0.425406]'" "'(0.425406-0.576623]'" "'(0.576623-0.836248]'" "'(0.836248-inf)'" );
	position = (450 90);
	label = "V158";
}
node V538
{
	states = ("'(-inf--0.974359]'" "'(-0.974359--0.871795]'" "'(-0.871795--0.820513]'" "'(-0.820513--0.769231]'" "'(-0.769231--0.666667]'" "'(-0.666667--0.615385]'" "'(-0.615385--0.25641]'" "'(-0.25641-inf)'" );
	position = (945 90);
	label = "V538";
}
node V559
{
	states = ("'(-inf--0.983011]'" "'(-0.983011--0.921426]'" "'(-0.921426--0.900246]'" "'(-0.900246--0.870258]'" "'(-0.870258--0.845636]'" "'(-0.845636--0.83465]'" "'(-0.83465--0.81172]'" "'(-0.81172--0.789106]'" "'(-0.789106--0.770513]'" "'(-0.770513--0.751937]'" "'(-0.751937--0.635966]'" "'(-0.635966--0.612389]'" "'(-0.612389--0.561671]'" "'(-0.561671--0.45801]'" "'(-0.45801--0.446169]'" "'(-0.446169--0.378555]'" "'(-0.378555--0.243885]'" "'(-0.243885-0.136399]'" "'(0.136399-inf)'" );
	position = (1080 90);
	label = "V559";
}
node V451
{
	states = ("'(-inf--0.965517]'" "'(-0.965517--0.896551]'" "'(-0.896551--0.827586]'" "'(-0.827586--0.75862]'" "'(-0.75862--0.689655]'" "'(-0.689655--0.62069]'" "'(-0.62069--0.551724]'" "'(-0.551724--0.482758]'" "'(-0.482758--0.206897]'" "'(-0.206897-inf)'" );
	position = (765 90);
	label = "V451";
}
node V53
{
	states = ("'(-inf-0.096185]'" "'(0.096185-0.592957]'" "'(0.592957-0.724492]'" "'(0.724492-0.775403]'" "'(0.775403-0.802723]'" "'(0.802723-0.835869]'" "'(0.835869-0.876177]'" "'(0.876177-0.906963]'" "'(0.906963-0.915164]'" "'(0.915164-0.950244]'" "'(0.950244-0.957757]'" "'(0.957757-0.970552]'" "'(0.970552-0.978341]'" "'(0.978341-0.984036]'" "'(0.984036-inf)'" );
	position = (135 90);
	label = "V53";
}
node V505
{
	states = ("'(-inf--0.993097]'" "'(-0.993097--0.983678]'" "'(-0.983678--0.952534]'" "'(-0.952534--0.696124]'" "'(-0.696124--0.649411]'" "'(-0.649411--0.522005]'" "'(-0.522005--0.413836]'" "'(-0.413836--0.166047]'" "'(-0.166047--0.085113]'" "'(-0.085113-0.01998]'" "'(0.01998-0.112411]'" "'(0.112411-0.220837]'" "'(0.220837-inf)'" );
	position = (855 90);
	label = "V505";
}
node V558
{
	states = ("'(-inf--0.588847]'" "'(-0.588847--0.319955]'" "'(-0.319955-0.397201]'" "'(0.397201-0.582204]'" "'(0.582204-inf)'" );
	position = (1035 90);
	label = "V558";
}
node V108
{
	states = ("'(-inf--0.251476]'" "'(-0.251476--0.11394]'" "'(-0.11394--0.001435]'" "'(-0.001435-0.108663]'" "'(0.108663-0.280502]'" "'(0.280502-0.419026]'" "'(0.419026-inf)'" );
	position = (360 90);
	label = "V108";
}
node V42
{
	states = ("'(-inf--0.770579]'" "'(-0.770579--0.555192]'" "'(-0.555192--0.474201]'" "'(-0.474201--0.405546]'" "'(-0.405546--0.397509]'" "'(-0.397509--0.387955]'" "'(-0.387955--0.368017]'" "'(-0.368017--0.307538]'" "'(-0.307538--0.297782]'" "'(-0.297782--0.21139]'" "'(-0.21139--0.197617]'" "'(-0.197617--0.168935]'" "'(-0.168935--0.121018]'" "'(-0.121018--0.09182]'" "'(-0.09182--0.053422]'" "'(-0.053422--0.02805]'" "'(-0.02805--0.011203]'" "'(-0.011203-0.006552]'" "'(0.006552-0.059013]'" "'(0.059013-0.07311]'" "'(0.07311-0.10758]'" "'(0.10758-0.174447]'" "'(0.174447-0.17889]'" "'(0.17889-0.211205]'" "'(0.211205-0.345216]'" "'(0.345216-0.412068]'" "'(0.412068-0.546852]'" "'(0.546852-0.603326]'" "'(0.603326-0.604571]'" "'(0.604571-inf)'" );
	position = (45 90);
	label = "V42";
}
node V52
{
	states = ("'(-inf--0.714986]'" "'(-0.714986--0.468976]'" "'(-0.468976--0.435209]'" "'(-0.435209--0.396041]'" "'(-0.396041--0.325383]'" "'(-0.325383--0.292793]'" "'(-0.292793--0.205354]'" "'(-0.205354--0.166529]'" "'(-0.166529--0.124452]'" "'(-0.124452--0.093122]'" "'(-0.093122--0.044295]'" "'(-0.044295--0.021805]'" "'(-0.021805-0.014291]'" "'(0.014291-0.045581]'" "'(0.045581-0.103363]'" "'(0.103363-0.153799]'" "'(0.153799-0.18726]'" "'(0.18726-0.199825]'" "'(0.199825-0.228695]'" "'(0.228695-0.288116]'" "'(0.288116-0.300096]'" "'(0.300096-0.310298]'" "'(0.310298-0.322007]'" "'(0.322007-0.325769]'" "'(0.325769-0.338]'" "'(0.338-0.34055]'" "'(0.34055-0.352974]'" "'(0.352974-0.372471]'" "'(0.372471-0.394315]'" "'(0.394315-0.459456]'" "'(0.459456-0.476577]'" "'(0.476577-0.555503]'" "'(0.555503-0.563905]'" "'(0.563905-0.647226]'" "'(0.647226-0.718228]'" "'(0.718228-inf)'" );
	position = (90 90);
	label = "V52";
}
node V105
{
	states = ("'(-inf--0.069858]'" "'(-0.069858-0.0145]'" "'(0.0145-0.028745]'" "'(0.028745-0.128167]'" "'(0.128167-0.22739]'" "'(0.22739-0.487538]'" "'(0.487538-0.561432]'" "'(0.561432-0.732523]'" "'(0.732523-0.830865]'" "'(0.830865-inf)'" );
	position = (315 90);
	label = "V105";
}
node Class
{
	states = ("1" "2" "3" "4" "5" "6" );
	position = (540 0);
	label = "Class";
}
node V160
{
	states = ("'(-inf--0.666366]'" "'(-0.666366--0.569249]'" "'(-0.569249--0.457379]'" "'(-0.457379--0.349079]'" "'(-0.349079--0.165187]'" "'(-0.165187-0.09762]'" "'(0.09762-0.278968]'" "'(0.278968-0.674588]'" "'(0.674588-0.797172]'" "'(0.797172-inf)'" );
	position = (540 90);
	label = "V160";
}
node V159
{
	states = ("'(-inf--0.842023]'" "'(-0.842023--0.670343]'" "'(-0.670343--0.336008]'" "'(-0.336008--0.186046]'" "'(-0.186046-0.272023]'" "'(0.272023-0.468688]'" "'(0.468688-0.683871]'" "'(0.683871-inf)'" );
	position = (495 90);
	label = "V159";
}
node V38
{
	states = ("'(-inf--0.824554]'" "'(-0.824554--0.691063]'" "'(-0.691063--0.513034]'" "'(-0.513034--0.427077]'" "'(-0.427077--0.287622]'" "'(-0.287622--0.182017]'" "'(-0.182017--0.114017]'" "'(-0.114017-0.015286]'" "'(0.015286-0.15521]'" "'(0.15521-0.283915]'" "'(0.283915-0.471398]'" "'(0.471398-0.649761]'" "'(0.649761-inf)'" );
	position = (0 90);
	label = "V38";
}
node V519
{
	states = ("'(-inf--0.976518]'" "'(-0.976518--0.865861]'" "'(-0.865861--0.788472]'" "'(-0.788472--0.71542]'" "'(-0.71542--0.586639]'" "'(-0.586639--0.487625]'" "'(-0.487625--0.385736]'" "'(-0.385736--0.304021]'" "'(-0.304021--0.135854]'" "'(-0.135854-0.414386]'" "'(0.414386-inf)'" );
	position = (900 90);
	label = "V519";
}
node V303
{
	states = ("'(-inf--0.999985]'" "'(-0.999985--0.999904]'" "'(-0.999904--0.999484]'" "'(-0.999484--0.979572]'" "'(-0.979572--0.944334]'" "'(-0.944334--0.897812]'" "'(-0.897812--0.800669]'" "'(-0.800669--0.716584]'" "'(-0.716584--0.62823]'" "'(-0.62823--0.486602]'" "'(-0.486602--0.364068]'" "'(-0.364068--0.222995]'" "'(-0.222995-inf)'" );
	position = (585 90);
	label = "V303";
}
node V449
{
	states = ("'(-inf--0.966666]'" "'(-0.966666--0.9]'" "'(-0.9--0.833333]'" "'(-0.833333--0.766667]'" "'(-0.766667--0.7]'" "'(-0.7--0.633333]'" "'(-0.633333--0.566666]'" "'(-0.566666--0.366667]'" "'(-0.366667--0.233333]'" "'(-0.233333-inf)'" );
	position = (720 90);
	label = "V449";
}
node V412
{
	states = ("'(-inf--0.996699]'" "'(-0.996699--0.992717]'" "'(-0.992717--0.98824]'" "'(-0.98824--0.978641]'" "'(-0.978641--0.936546]'" "'(-0.936546--0.910638]'" "'(-0.910638--0.844297]'" "'(-0.844297--0.719001]'" "'(-0.719001-inf)'" );
	position = (675 90);
	label = "V412";
}
node V70
{
	states = ("'(-inf--0.822473]'" "'(-0.822473--0.778387]'" "'(-0.778387--0.682585]'" "'(-0.682585--0.584545]'" "'(-0.584545--0.446836]'" "'(-0.446836--0.371478]'" "'(-0.371478--0.241406]'" "'(-0.241406--0.16063]'" "'(-0.16063--0.036952]'" "'(-0.036952-0.225576]'" "'(0.225576-inf)'" );
	position = (225 90);
	label = "V70";
}
node V452
{
	states = ("'(-inf--0.534893]'" "'(-0.534893--0.390331]'" "'(-0.390331--0.256123]'" "'(-0.256123--0.091788]'" "'(-0.091788-0.152538]'" "'(0.152538-0.329371]'" "'(0.329371-inf)'" );
	position = (810 90);
	label = "V452";
}
potential ( V80 | Class )
{
	data = ((	2.897710808461316E-4	0.011880614314691394	0.21008403361344538	0.5230368009272675	0.21877716603882932	0.03506230078238192	8.693132425383947E-4	)
		(	3.2310177705977385E-4	0.028756058158319872	0.20969305331179322	0.504361873990307	0.20387722132471728	0.05137318255250404	0.0016155088852988692	)
		(	3.547357218871941E-4	0.015253636041149345	0.1337353671514722	0.47144377438808094	0.2884001418942888	0.0904576090812345	3.547357218871941E-4	)
		(	0.009828699803426006	0.045773659084526824	0.1367593372648133	0.2884021342319574	0.24964897500702052	0.1934849761303005	0.07610221847795565	)
		(	0.01125949201361613	0.0384917517674784	0.12280701754385964	0.25634982979837656	0.2694422623723488	0.21654883477350093	0.08510081173081958	)
		(	0.1363286264441592	0.22413350449293967	0.26110397946084724	0.21335044929396663	0.08600770218228498	0.05468549422336329	0.024390243902439025	));
}
potential ( V557 | Class )
{
	data = ((	0.0552821997105644	0.125904486251809	0.05412445730824892	0.06975397973950798	0.05875542691751086	0.19536903039073808	0.13111432706222867	0.0905933429811867	0.10217076700434155	0.060492040520984086	0.05643994211287989	)
		(	0.24749919328815742	0.21006776379477246	0.0345272668602775	0.03194578896418199	0.027428202646014838	0.04162633107454017	0.03130041949015811	0.033236527912229745	0.06808647950951918	0.07712165214585348	0.19716037431429487	)
		(	0.19801629472192703	0.10591569252568189	0.017357421183138506	0.02089975203684024	0.010272759475735034	0.042862203329791	0.040028338646829614	0.044987601842012045	0.1271696776478923	0.11866808359900814	0.2738221749911442	)
		(	0.001402524544179523	0.009256661991584854	0.005329593267882188	0.01767180925666199	0.05694249649368864	0.6830294530154277	0.17251051893408134	0.03506311360448808	0.015427769985974754	0.0019635343618513326	0.001402524544179523	)
		(	0.01647920481297411	0.06303949777661524	0.02798849071409888	0.06094690034004709	0.06565524457232541	0.4250588543029035	0.15145173947161916	0.0850117708605807	0.06617839393146745	0.026419042636672774	0.011770860580695791	)
		(	0.002308284175429598	0.010002564760194923	0.013080276994101053	0.03565016670941268	0.05565529622980252	0.6004103616311876	0.21056681200307775	0.054116440112849454	0.011541420877147988	0.0038471402923826625	0.0028212362144139527	));
}
potential ( V370 | Class )
{
	data = ((	2.891008962127783E-4	2.891008962127783E-4	0.05117085862966175	0.0598438855160451	0.002023706273489448	0.03151199768719283	0.013009540329575022	0.0014455044810638912	0.03151199768719283	0.09916160740098294	0.19109569239664642	0.4518647007805724	0.05117085862966175	0.015322347499277248	2.891008962127783E-4	)
		(	3.2226877215597806E-4	0.04479535932968095	0.40251369642281654	0.10538188849500481	0.00161134386077989	0.015146632291330966	0.10087012568482111	0.017080244924266835	0.07637769900096679	0.07573316145665483	0.04092813406380921	0.09635836287463742	0.016435707379954877	0.005478569126651627	9.668063164679341E-4	)
		(	3.5373187124159886E-4	0.0067209055535903785	0.2111779271312345	0.3434736469755925	0.04350902016271666	0.02794481782808631	0.11567032189600283	0.015210470463388751	0.0314821365405023	0.01874778917580474	0.015210470463388751	0.11850017686593563	0.030067209055535903	0.01874778917580474	0.0031835868411743897	)
		(	0.009806668534603531	2.801905295601009E-4	2.801905295601009E-4	8.405715886803026E-4	0.0025217147660409078	2.801905295601009E-4	0.021574670776127767	0.02998038666293079	0.07985430092462875	0.030540767722050995	0.03782572149061362	0.2821518632670216	0.18296441580274586	0.1919305127486691	0.1291678341272065	)
		(	0.002351711523386465	2.6130128037627387E-4	2.6130128037627387E-4	2.6130128037627387E-4	0.001829108962633917	0.001829108962633917	0.02482362163574602	0.018552390906715448	0.04938594199111576	0.029527044682518946	0.03161745492552914	0.31173242748889474	0.2040762999738699	0.21243794094591067	0.1110530441599164	)
		(	0.03253907250832693	2.5621316935690495E-4	2.5621316935690495E-4	0.0017934921854983346	0.006917755572636433	0.014091724314629772	0.10427875992826031	0.044837304637458365	0.04791186266974123	0.015116576992057392	0.02434025108890597	0.28055342044581094	0.13604919292851653	0.17960543171919036	0.11145272867025365	));
}
potential ( V121 | Class )
{
	data = ((	0.01879155825383059	0.021104365423532813	0.043654235328129516	0.08933217692974849	0.14252674183289968	0.0904885805145996	0.08470656259034404	0.040763226366001735	0.04885805145995953	0.0598438855160451	0.07892454466608846	0.1980341139057531	0.0557964729690662	0.026886383347788378	2.891008962127783E-4	)
		(	0.052529809861424435	0.17499194328069612	0.09893651305188529	0.033838221076377704	0.03641637125362553	0.009345794392523366	0.013857557202707059	0.005478569126651628	0.006123106670963585	0.011279407025459235	0.013857557202707059	0.0854012246213342	0.20979697067354175	0.21108604576216566	0.037060908797937483	)
		(	0.13406437920056596	0.1616554651574107	0.1567032189600283	0.08454191722674213	0.04492394764768306	0.01874778917580474	0.020162716660771136	0.006013441811107181	0.005305978068623983	0.004598514326140785	0.016625397948355148	0.04633887513264945	0.08524938096922532	0.20198089847895295	0.013088079235939158	)
		(	2.801905295601009E-4	0.0047632390025217144	0.04511067525917624	0.021014289717007566	0.04118800784533483	0.04230876996357523	0.09778649481647521	0.5236760997478285	0.12412440459512468	0.07088820397870552	0.01316895488932474	0.010367049593723731	0.0047632390025217144	2.801905295601009E-4	2.801905295601009E-4	)
		(	2.6130128037627387E-4	2.6130128037627387E-4	0.008100339691664491	0.008100339691664491	0.05827018552390908	0.06454141625293966	0.1931016461980664	0.3023255813953489	0.15547426182388296	0.09223935197282468	0.0540893650378887	0.052521557355631056	0.009145544813169586	0.0013065064018813694	2.6130128037627387E-4	)
		(	2.562131693569049E-4	0.002305918524212144	0.00947988726620548	0.009992313604919291	0.015629003330771198	0.03612605687932359	0.19651550089674605	0.42198308993082234	0.10479118626697409	0.03817576223417883	0.03971304125032026	0.06123494747630027	0.058160389444017406	0.005380476556495003	2.562131693569049E-4	));
}
potential ( V54 | Class )
{
	data = ((	2.879355024474519E-4	2.879355024474519E-4	2.879355024474519E-4	2.879355024474519E-4	2.879355024474519E-4	0.04808522890872446	0.07169594010941552	0.17995968902965742	0.1004894903541607	0.1304347826086957	0.07399942412899513	0.20760149726461277	0.1010653613590556	0.03368845378635187	0.0037431615318168745	0.04175064785488052	0.0025914195220270667	2.879355024474519E-4	2.879355024474519E-4	2.879355024474519E-4	2.879355024474519E-4	2.879355024474519E-4	2.879355024474519E-4	2.879355024474519E-4	2.879355024474519E-4	2.879355024474519E-4	2.879355024474519E-4	2.879355024474519E-4	2.879355024474519E-4	)
		(	3.2082130253448823E-4	3.2082130253448823E-4	0.047802374077638744	0.056785370548604414	0.04523580365736284	0.09849213987808787	0.2717356432467115	0.12929098492139876	0.177414180301572	0.08630093038177733	0.020211742059672758	0.014436958614051969	9.624639076034647E-4	3.2082130253448823E-4	0.001604106512672441	0.017003529034327877	0.004170676932948347	0.02341995508501764	3.2082130253448823E-4	3.2082130253448823E-4	3.2082130253448823E-4	9.624639076034647E-4	3.2082130253448823E-4	3.2082130253448823E-4	3.2082130253448823E-4	3.2082130253448823E-4	3.2082130253448823E-4	3.2082130253448823E-4	3.2082130253448823E-4	)
		(	3.5198873636043646E-4	3.5198873636043646E-4	0.0010559662090813093	0.0024639211545230554	0.0017599436818021823	0.029919042590637098	0.05103836677226329	0.11017247448081662	0.13621964097148892	0.14537134811686026	0.1003167898627244	0.1186202041534671	0.16015487504399858	0.06089405139035551	0.04611052446321718	0.029919042590637098	0.0010559662090813093	3.5198873636043646E-4	3.5198873636043646E-4	3.5198873636043646E-4	3.5198873636043646E-4	3.5198873636043646E-4	3.5198873636043646E-4	3.5198873636043646E-4	3.5198873636043646E-4	3.5198873636043646E-4	3.5198873636043646E-4	3.5198873636043646E-4	3.5198873636043646E-4	)
		(	2.7909572983533354E-4	0.009768350544236673	8.372871895060006E-4	2.7909572983533354E-4	0.003628244487859336	0.0013954786491766676	0.004186435947530003	0.006977393245883338	0.005302818866871337	0.012001116382919341	0.003628244487859336	0.048841752721183365	0.041585263745464694	0.05777281607591404	0.16271281049399944	0.16941110801004744	0.09014792073681273	0.03321239185040469	0.018141222439296677	2.7909572983533354E-4	0.025397711415015352	0.023723137036003348	0.16271281049399944	8.372871895060006E-4	0.039910689366452694	0.06837845380965671	0.004186435947530003	0.004186435947530003	2.7909572983533354E-4	)
		(	2.6034886748242653E-4	7.810466024472795E-4	0.005467326217130956	0.02212965373600625	0.004946628482166104	0.01640197865139287	0.09554803436605054	0.0913824524863317	0.07055454308773758	0.125748502994012	0.17625618328560275	0.13512106222337936	0.10804478000520701	0.030460817495443902	0.057016401978651404	0.049726633689143464	2.6034886748242653E-4	0.0023431398073418385	0.0018224420723769856	0.0018224420723769856	2.6034886748242653E-4	0.0018224420723769856	2.6034886748242653E-4	2.6034886748242653E-4	2.6034886748242653E-4	2.6034886748242653E-4	2.6034886748242653E-4	2.6034886748242653E-4	2.6034886748242653E-4	)
		(	0.01404135818228236	0.002297676793464386	0.005361245851416901	0.03191217768700536	0.002297676793464386	0.004340056165432729	7.658922644881287E-4	7.658922644881287E-4	2.552974214960429E-4	0.0012764871074802144	0.008935409752361501	2.552974214960429E-4	0.0033188664794485574	0.0017870819504723003	0.0017870819504723003	0.0017870819504723003	7.658922644881287E-4	0.0017870819504723003	2.552974214960429E-4	2.552974214960429E-4	0.0017870819504723003	0.019147306612203218	0.021700280827163645	0.007403625223385244	0.022721470513147816	0.16262445749297932	0.06714322185345928	0.002808271636456472	0.6104161347970386	));
}
potential ( V158 | Class )
{
	data = ((	8.690614136732327E-4	0.0854577056778679	0.1422363847045191	0.6729432213209733	0.09762456546929314	2.896871378910776E-4	2.896871378910776E-4	2.896871378910776E-4	)
		(	0.0029069767441860465	0.09011627906976744	0.1650516795865633	0.5306847545219638	0.13275193798449614	0.05329457364341085	0.02487080103359173	3.2299741602067185E-4	)
		(	3.546099290780142E-4	0.01879432624113475	0.11312056737588652	0.7393617021276596	0.11595744680851064	0.011702127659574468	3.546099290780142E-4	3.546099290780142E-4	)
		(	0.04576080853453116	0.12268388545760808	0.1558113419427288	0.42476137001684444	0.13279056709713644	0.05530600786075238	0.04688377316114543	0.016002245929253228	)
		(	0.017539267015706808	0.05000000000000001	0.1348167539267016	0.5725130890052357	0.15052356020942412	0.044240837696335085	0.02853403141361257	0.0018324607329842934	)
		(	0.13988706365503079	0.20662217659137572	0.15682751540041065	0.31391170431211496	0.08701232032854209	0.03003080082135523	0.04183778234086242	0.023870636550308	));
}
potential ( V538 | Class )
{
	data = ((	0.014194669756662804	0.08487833140208574	0.28707995365005795	0.2644843568945539	0.01825028968713789	0.03679026651216686	0.29055619930475085	0.0037659327925840093	)
		(	0.21027131782945738	0.2968346253229974	0.33430232558139533	0.07719638242894057	0.0377906976744186	0.01065891472868217	0.028746770025839793	0.004198966408268734	)
		(	0.32588652482269503	0.3067375886524823	0.08191489361702127	0.06205673758865248	0.10177304964539007	0.03723404255319149	0.07056737588652483	0.013829787234042552	)
		(	0.6173498034811904	0.2624929814710837	0.040707467714766986	0.022178551375631666	0.028354856822010107	0.010387422796181921	0.015440763615946098	0.0030881527231892197	)
		(	0.562041884816754	0.2971204188481676	0.06151832460732985	0.03010471204188482	0.026439790575916233	0.006020942408376964	0.013350785340314138	0.003403141361256545	)
		(	0.6219199178644764	0.26001026694045176	0.02335728952772074	0.016683778234086243	0.023870636550308008	0.013090349075975359	0.03311088295687885	0.00795687885010267	));
}
potential ( V559 | Class )
{
	data = ((	2.8876696505919725E-4	0.0314755991914525	0.018192318798729425	0.0626624314178458	0.1146404851285013	0.059774761767253826	0.052844354605833095	0.07074790643950332	0.05861969390701704	0.1250360958706324	0.313312157089229	0.022235056309558188	0.028587929540860525	0.029742997401097315	0.010684377707190298	2.8876696505919725E-4	2.8876696505919725E-4	2.8876696505919725E-4	2.8876696505919725E-4	)
		(	3.21853878339234E-4	3.21853878339234E-4	3.21853878339234E-4	0.003540392661731574	0.003540392661731574	0.009333762471837787	0.02413904087544255	0.03958802703572578	0.09044093981332475	0.06404892178950757	0.28355326681686516	0.057611844222722884	0.1599613775345993	0.1741229481815256	0.01126488574187319	0.0511747666559382	0.026070164145477952	3.21853878339234E-4	3.21853878339234E-4	)
		(	0.013069586718474038	0.032144118685976684	0.03779583186153303	0.09572589191098552	0.087248322147651	0.045566937477922995	0.08089014482515013	0.12610385022960086	0.09078064288237372	0.0688802543270929	0.2398445778876722	0.01942776404097492	0.0307311903920876	0.03002472624514306	3.5323207347227127E-4	3.5323207347227127E-4	3.5323207347227127E-4	3.5323207347227127E-4	3.5323207347227127E-4	)
		(	0.0019591379792891126	0.11838790931989925	0.04114189756507137	0.1015952980688497	0.08816120906801007	0.018191995521970334	0.04002239014833473	0.018191995521970334	0.02994682339770501	0.018191995521970334	0.23425692695214106	0.03162608452280996	0.06017352364959418	0.0859221942345368	8.396305625524769E-4	0.012034704729918836	0.060733277357962495	0.038343129023229776	2.79876854184159E-4	)
		(	0.009135995823544765	0.024275646045418944	0.060819629339598	0.0509005481597494	0.09892978334638473	0.0509005481597494	0.1401722787783868	0.09527538501696682	0.04776820673453405	0.054554946489167304	0.2508483424693291	0.013312451057165227	0.08431219002871311	0.016966849386583133	7.830853563038369E-4	2.61028452101279E-4	2.61028452101279E-4	2.61028452101279E-4	2.61028452101279E-4	)
		(	2.559508574353724E-4	2.559508574353724E-4	2.559508574353724E-4	2.559508574353724E-4	2.559508574353724E-4	2.559508574353724E-4	2.559508574353724E-4	2.559508574353724E-4	2.559508574353724E-4	2.559508574353724E-4	2.559508574353724E-4	2.559508574353724E-4	2.559508574353724E-4	2.559508574353724E-4	2.559508574353724E-4	2.559508574353724E-4	2.559508574353724E-4	0.001279754287176862	0.9943690811364219	));
}
potential ( V451 | Class )
{
	data = ((	0.002026635784597568	0.12015055008685582	0.0055008685581933985	0.0952518818760857	0.095830920671685	0.13346844238563985	0.410828025477707	0.041401273885350316	0.016502605674580197	0.07903879559930516	)
		(	0.040348612007746934	0.6239509360877986	0.07714654615881214	0.19528728211749516	0.02420916720464816	0.010006455777921239	0.006778566817301485	0.006132989025177534	0.00936087798579729	0.006778566817301485	)
		(	0.07122608079376329	0.10595322466335932	0.03437278525868179	0.14847625797306874	0.18674698795180722	0.08823529411764706	0.13997165131112685	0.051381998582565556	0.11587526576895818	0.05776045357902197	)
		(	0.6007295173961841	0.15572390572390574	0.08389450056116723	0.04180695847362514	0.03226711560044893	0.022727272727272728	0.013748597081930415	0.013748597081930415	0.022166105499438832	0.013187429854096521	)
		(	0.4811616954474097	0.19858712715855573	0.09602302459445317	0.06776556776556776	0.04212454212454213	0.029042386185243328	0.025379382522239664	0.02119309262166405	0.028519099947671375	0.01020408163265306	)
		(	0.6097998973832736	0.07465366854797334	0.027963057978450494	0.021806054386865063	0.025397639815289898	0.031041559774243208	0.038737814263724996	0.05464340687532069	0.09363776295536173	0.02231913801949718	));
}
potential ( V53 | Class )
{
	data = ((	2.891008962127783E-4	2.891008962127783E-4	2.891008962127783E-4	2.891008962127783E-4	0.017056952876553916	2.891008962127783E-4	0.036715813819022836	0.05117085862966175	0.04191962995085285	0.27146574154379877	0.09916160740098294	0.16392020815264527	0.1598727956056664	0.10205261636311072	0.055218271176640646	)
		(	3.2226877215597806E-4	3.2226877215597806E-4	0.040283596519497256	0.052529809861424415	0.046728971962616814	0.08733483725427005	0.17241379310344826	0.15887850467289716	0.04092813406380921	0.3296809539155655	0.04286174669674508	0.01836932001289075	0.0067676442152755385	9.668063164679341E-4	0.00161134386077989	)
		(	3.5373187124159886E-4	3.5373187124159886E-4	3.5373187124159886E-4	0.007428369296073576	0.011673151750972763	0.024407499115670323	0.03997170145030067	0.0951538733639901	0.06614785992217899	0.42483197736116024	0.11142553944110364	0.14962858153519631	0.052706048814998234	0.010258224266006368	0.005305978068623983	)
		(	2.8019052956010083E-4	0.04006724572709442	0.07705239562902773	0.004763239002521714	0.0355841972541328	0.04398991314093583	0.07144858503782571	0.08041468198374893	0.04959372373213784	0.1353320257775287	0.022695432894368168	0.05687867750070046	0.08826001681143177	0.08209582516110954	0.2115438498178761	)
		(	2.613012803762738E-4	2.613012803762738E-4	0.0018291089626339169	0.0028743140841390124	2.613012803762738E-4	0.005487326887901751	0.029527044682518943	0.08753592892605173	0.012803762738437419	0.14815782597334726	0.047295531748105565	0.1607002874314084	0.10634962111314346	0.15860987718839822	0.23804546642278548	)
		(	0.9964130156290039	2.562131693569051E-4	2.562131693569051E-4	2.562131693569051E-4	2.562131693569051E-4	2.562131693569051E-4	2.562131693569051E-4	2.562131693569051E-4	2.562131693569051E-4	2.562131693569051E-4	2.562131693569051E-4	2.562131693569051E-4	2.562131693569051E-4	2.562131693569051E-4	2.562131693569051E-4	));
}
potential ( V505 | Class )
{
	data = ((	2.892681515765114E-4	2.892681515765114E-4	2.892681515765114E-4	2.892681515765114E-4	0.0037604859704946487	0.11252531096326295	0.2860862019091698	0.4966734162568701	0.06913508822678623	0.02227364767139138	0.006653167486259763	8.678044547295343E-4	8.678044547295343E-4	)
		(	3.224766204450177E-4	3.224766204450177E-4	3.224766204450177E-4	3.224766204450177E-4	9.674298613350532E-4	0.012576588197355692	0.08481135117703967	0.6317316994517898	0.14092228313447275	0.08481135117703967	0.03192518542405676	0.010641728474685586	3.224766204450177E-4	)
		(	3.5398230088495576E-4	3.5398230088495576E-4	3.5398230088495576E-4	3.5398230088495576E-4	3.5398230088495576E-4	3.5398230088495576E-4	0.0017699115044247787	0.07256637168141593	0.07610619469026549	0.1511504424778761	0.175929203539823	0.22123893805309736	0.2991150442477876	)
		(	0.1410148584244463	0.32268012335295765	0.295766750770956	0.2032520325203252	0.004765909728062798	0.012054948135688253	0.005887300252312868	0.009812167087188113	0.0019624334174376226	0.0019624334174376226	2.803476310625175E-4	2.803476310625175E-4	2.803476310625175E-4	)
		(	0.07712418300653595	0.26849673202614377	0.34013071895424835	0.301437908496732	0.0049673202614379085	0.00392156862745098	0.00130718954248366	0.00130718954248366	2.6143790849673205E-4	2.6143790849673205E-4	2.6143790849673205E-4	2.6143790849673205E-4	2.6143790849673205E-4	)
		(	0.19200205075621635	0.2294283517046911	0.35503716995642143	0.18072289156626506	0.00640861317610869	0.011535503716995642	0.003845167905665214	0.009484747500640862	0.0028197897974878237	0.005895924122019995	2.563445270443476E-4	7.690335811330429E-4	0.0017944116893104333	));
}
potential ( V558 | Class )
{
	data = ((	0.16845462452884896	0.16613511162655845	0.4137431139460714	0.09886923746013339	0.15279791243838797	)
		(	0.1716779825412221	0.13029421273844163	0.3740704817329454	0.11283543485289363	0.21112188813449725	)
		(	0.22044728434504793	0.17003904863329783	0.36741214057507987	0.08981185658501953	0.15228966986155484	)
		(	0.05479067153694858	0.16381005900533857	0.6673222815397584	0.07221129530767069	0.041865692610283785	)
		(	0.19046371495939218	0.14330626146188105	0.35184700026198584	0.09929263819753734	0.21509038511920356	)
		(	0.0737220652453121	0.13639866426920114	0.6244541484716157	0.10249165168250707	0.06293347033136398	));
}
potential ( V108 | Class )
{
	data = ((	0.09475514343668502	0.1579252390611417	0.18864097363083165	0.20892494929006086	0.22283396117067517	0.10055056505360765	0.02636916835699797	)
		(	0.20323101777059774	0.22067851373182554	0.21033925686591276	0.1851373182552504	0.15605815831987077	0.022294022617124393	0.002261712439418417	)
		(	0.2543455125931181	0.2259666548421426	0.2018446257538134	0.15643845335225257	0.13302589570769777	0.025186236253990777	0.0031926214969847464	)
		(	0.026677899466442015	0.045773659084526824	0.10137601797247965	0.1592249368155013	0.3496208930075822	0.2131423757371525	0.10418421791631566	)
		(	0.024351924587588374	0.0437287247970673	0.08614820633673737	0.14689709347996857	0.32809636030374445	0.21393034825870647	0.1568473422361875	)
		(	0.03979460847240052	0.07830551989730423	0.15378690629011554	0.21489088575096277	0.3201540436456996	0.13530166880616173	0.057766367137355584	));
}
potential ( V42 | Class )
{
	data = ((	2.8785261945883704E-4	2.8785261945883704E-4	2.8785261945883704E-4	2.8785261945883704E-4	2.8785261945883704E-4	8.63557858376511E-4	0.026194588370754168	0.08491652274035692	0.026194588370754168	0.35549798503166374	0.031951640759930906	0.061312607944732284	0.22999424294761076	0.06822107081174437	0.059009786989061584	0.006044905008635577	2.8785261945883704E-4	2.8785261945883704E-4	0.02964881980426021	8.63557858376511E-4	0.014680483592400687	2.8785261945883704E-4	2.8785261945883704E-4	2.8785261945883704E-4	2.8785261945883704E-4	2.8785261945883704E-4	2.8785261945883704E-4	2.8785261945883704E-4	2.8785261945883704E-4	2.8785261945883704E-4	)
		(	3.207184092366903E-4	3.207184092366903E-4	0.03046824887748558	0.0728030788967287	0.015715202052597826	0.02790250160359206	0.039448364336112915	0.26972418216805655	0.04073123797305967	0.3287363694676076	0.05099422706863376	0.039448364336112915	0.02918537524053882	0.0022450288646568323	0.0016035920461834516	3.207184092366903E-4	3.207184092366903E-4	3.207184092366903E-4	0.002886465683130213	0.0048107761385503545	0.008017960230917259	0.026619627966645295	9.62155227710071E-4	0.004169339320076974	3.207184092366903E-4	3.207184092366903E-4	3.207184092366903E-4	3.207184092366903E-4	3.207184092366903E-4	3.207184092366903E-4	)
		(	3.5186488388458826E-4	3.5186488388458826E-4	3.5186488388458826E-4	3.5186488388458826E-4	0.0010555946516537648	3.5186488388458826E-4	0.0059817030260379996	0.05946516537649541	0.006685432793807176	0.2762139338494018	0.0869106263194933	0.0869106263194933	0.13828289936664317	0.11294862772695283	0.12491203377902882	0.027093596059113295	0.015130190007037294	0.019352568613652355	0.015130190007037294	0.003166783954961294	0.01583391977480647	3.5186488388458826E-4	3.5186488388458826E-4	3.5186488388458826E-4	3.5186488388458826E-4	3.5186488388458826E-4	3.5186488388458826E-4	3.5186488388458826E-4	3.5186488388458826E-4	3.5186488388458826E-4	)
		(	2.790178571428571E-4	0.009207589285714284	8.370535714285712E-4	0.002511160714285714	2.790178571428571E-4	2.790178571428571E-4	2.790178571428571E-4	0.002511160714285714	0.006417410714285712	0.012555803571428568	0.0019531249999999996	0.0013950892857142855	0.046037946428571425	0.021484374999999997	0.0650111607142857	0.08621651785714285	0.03487723214285714	0.04436383928571428	0.10351562499999997	0.03320312499999999	0.09626116071428568	0.08565848214285712	0.024274553571428565	0.02762276785714285	0.1671316964285714	0.04380580357142856	0.07226562499999999	0.005301339285714285	0.004185267857142856	2.790178571428571E-4	)
		(	2.602811035918793E-4	2.602811035918793E-4	0.0018219677251431548	0.02472670484122853	0.005465903175429465	2.602811035918793E-4	0.00702758979698074	0.09656428943258721	0.005986465382613223	0.22982821447162938	0.05596043727225404	0.17308693388859972	0.15122332118688186	0.07470067673086936	0.04867256637168142	0.019000520562207187	0.03565851119208746	0.01067152524726705	0.025767829255596047	0.016918271733472153	0.0065070275897969815	0.004424778761061948	7.808433107756378E-4	0.002863092139510672	2.602811035918793E-4	2.602811035918793E-4	2.602811035918793E-4	2.602811035918793E-4	2.602811035918793E-4	2.602811035918793E-4	)
		(	0.01403777437468096	2.5523226135783564E-4	0.002297090352220521	0.03598774885145482	2.5523226135783564E-4	2.5523226135783564E-4	0.004338948443083206	0.001276161306789178	2.5523226135783564E-4	0.0017866258295048494	2.5523226135783564E-4	0.009443593670239918	2.5523226135783564E-4	2.5523226135783564E-4	0.002297090352220521	0.002297090352220521	2.5523226135783564E-4	2.5523226135783564E-4	0.001276161306789178	7.656967840735069E-4	2.5523226135783564E-4	0.0017866258295048494	2.5523226135783564E-4	0.01761102603369066	0.020163348647269014	0.028841245533435426	0.15441551812149057	0.0737621235324145	0.0038284839203675345	0.6209800918836141	));
}
potential ( V52 | Class )
{
	data = ((	2.873563218390805E-4	2.873563218390805E-4	0.016954022988505752	2.873563218390805E-4	0.03879310344827587	0.009482758620689657	0.11637931034482761	0.03994252873563219	0.10833333333333336	0.06752873563218392	0.03419540229885058	0.09166666666666667	0.0663793103448276	0.11752873563218394	0.15201149425287358	0.09224137931034485	0.02155172413793104	2.873563218390805E-4	2.873563218390805E-4	2.873563218390805E-4	0.014080459770114946	0.0054597701149425295	2.873563218390805E-4	2.873563218390805E-4	8.620689655172416E-4	2.873563218390805E-4	2.873563218390805E-4	2.873563218390805E-4	0.0014367816091954025	2.873563218390805E-4	2.873563218390805E-4	2.873563218390805E-4	2.873563218390805E-4	2.873563218390805E-4	2.873563218390805E-4	2.873563218390805E-4	)
		(	3.2010243277848916E-4	0.044494238156209995	0.0118437900128041	0.03745198463508324	0.103393085787452	0.06049935979513445	0.10467349551856596	0.04513444302176697	0.06754161331626121	0.019526248399487838	0.03745198463508324	0.040012804097311144	0.14052496798975675	0.0829065300896287	0.10723431498079387	0.0355313700384123	0.025288092189500642	0.003521126760563381	0.01504481434058899	0.010563380281690142	9.603072983354674E-4	3.2010243277848916E-4	3.2010243277848916E-4	3.2010243277848916E-4	9.603072983354674E-4	3.2010243277848916E-4	3.2010243277848916E-4	3.2010243277848916E-4	9.603072983354674E-4	3.2010243277848916E-4	3.2010243277848916E-4	3.2010243277848916E-4	3.2010243277848916E-4	3.2010243277848916E-4	3.2010243277848916E-4	3.2010243277848916E-4	)
		(	3.51123595505618E-4	3.51123595505618E-4	3.51123595505618E-4	0.01790730337078652	0.016502808988764047	0.02984550561797753	0.0642556179775281	0.11271067415730339	0.0642556179775281	0.04880617977528091	0.0916432584269663	0.031952247191011245	0.11341292134831463	0.08813202247191013	0.10287921348314608	0.12324438202247193	0.06285112359550563	0.00175561797752809	0.00175561797752809	3.51123595505618E-4	3.51123595505618E-4	3.51123595505618E-4	0.005969101123595506	0.003862359550561798	0.008075842696629216	0.003160112359550562	3.51123595505618E-4	0.00175561797752809	3.51123595505618E-4	3.51123595505618E-4	3.51123595505618E-4	3.51123595505618E-4	3.51123595505618E-4	3.51123595505618E-4	3.51123595505618E-4	3.51123595505618E-4	)
		(	2.7855153203342625E-4	2.7855153203342625E-4	2.7855153203342625E-4	0.0036211699164345407	0.011420612813370475	0.0019498607242339834	0.022005571030640672	0.0036211699164345407	0.029805013927576604	0.03871866295264625	0.07103064066852369	0.019777158774373263	0.048189415041782736	0.040389972144846804	0.11727019498607244	0.054874651810584964	0.050417827298050145	0.04428969359331477	0.05320334261838441	0.1484679665738162	0.014206128133704737	0.011977715877437328	0.027019498607242343	0.0013927576601671311	0.023119777158774377	2.7855153203342625E-4	0.011420612813370475	0.015877437325905297	0.03147632311977717	0.038161559888579395	0.01643454038997215	0.013091922005571032	0.009192200557103066	0.004178272980501394	0.022005571030640672	2.7855153203342625E-4	)
		(	2.5987525987525994E-4	2.5987525987525994E-4	0.0023388773388773394	0.009615384615384618	0.028846153846153855	2.5987525987525994E-4	0.09485446985446988	0.05743243243243245	0.03248440748440749	0.04287941787941789	0.0745841995841996	0.05171517671517673	0.10213097713097716	0.07250519750519752	0.21803534303534308	0.11928274428274431	0.03872141372141373	0.0054573804573804586	0.014293139293139297	0.009095634095634098	0.0018191268191268197	0.0075363825363825385	0.0033783783783783794	2.5987525987525994E-4	2.5987525987525994E-4	0.0033783783783783794	0.005977130977130979	2.5987525987525994E-4	2.5987525987525994E-4	2.5987525987525994E-4	2.5987525987525994E-4	2.5987525987525994E-4	2.5987525987525994E-4	2.5987525987525994E-4	2.5987525987525994E-4	2.5987525987525994E-4	)
