net
{
	name = "R_data_framewekafilterssupervisedattributeDiscretizeRfirstlastprecision6wekafilterssupervisedattributeAttributeSelectionEwekaattributeSelectionCfsSubsetEvalP1E1SwekaattributeSelectionBestFirstD1N5wekafilterssupervisedattributeAttributeSelectionEwekaattributeSelectionCfsSubsetEvalP1E1SwekaattributeSelectionBestFirstD1N5wekafilterssupervisedattributeAttributeSelectionEwekaattributeSelectionCfsSubsetEvalP1E1SwekaattributeSelectionBestFirstD1N5wekafilterssupervisedattributeDiscretizeRfirstlastprecision6wekafiltersunsupervisedattributeRemoveVR2481014192227363942444647495456wekafiltersunsupervisedattributeReplaceMissingValues";
	label = "R_data_frame-weka.filters.supervised.attribute.Discretize-Rfirst-last-precision6-weka.filters.supervised.attribute.AttributeSelection-Eweka.attributeSelection.CfsSubsetEval -P 1 -E 1-Sweka.attributeSelection.BestFirst -D 1 -N 5-weka.filters.supervised.attribute.AttributeSelection-Eweka.attributeSelection.CfsSubsetEval -P 1 -E 1-Sweka.attributeSelection.BestFirst -D 1 -N 5-weka.filters.supervised.attribute.AttributeSelection-Eweka.attributeSelection.CfsSubsetEval -P 1 -E 1-Sweka.attributeSelection.BestFirst -D 1 -N 5-weka.filters.supervised.attribute.Discretize-Rfirst-last-precision6-weka.filters.unsupervised.attribute.Remove-V-R2,4,8-10,14,19,22-27,36,39,42,44,46-47,49-54,56-weka.filters.unsupervised.attribute.ReplaceMissingValues";
	node_size = (130 55);
}

node V158
{
	states = ("'(-inf--0.820039]'" "'(-0.820039--0.607864]'" "'(-0.607864--0.40478]'" "'(-0.40478-0.171113]'" "'(0.171113-0.425406]'" "'(0.425406-0.576623]'" "'(0.576623-0.836248]'" "'(0.836248-inf)'" );
	position = (1035 630);
	label = "V158";
}
node V108
{
	states = ("'(-inf--0.251476]'" "'(-0.251476--0.11394]'" "'(-0.11394--0.001435]'" "'(-0.001435-0.108663]'" "'(0.108663-0.280502]'" "'(0.280502-0.419026]'" "'(0.419026-inf)'" );
	position = (0 360);
	label = "V108";
}
node V303
{
	states = ("'(-inf--0.999985]'" "'(-0.999985--0.999904]'" "'(-0.999904--0.999484]'" "'(-0.999484--0.979572]'" "'(-0.979572--0.944334]'" "'(-0.944334--0.897812]'" "'(-0.897812--0.800669]'" "'(-0.800669--0.716584]'" "'(-0.716584--0.62823]'" "'(-0.62823--0.486602]'" "'(-0.486602--0.364068]'" "'(-0.364068--0.222995]'" "'(-0.222995-inf)'" );
	position = (495 180);
	label = "V303";
}
node V451
{
	states = ("'(-inf--0.965517]'" "'(-0.965517--0.896551]'" "'(-0.896551--0.827586]'" "'(-0.827586--0.75862]'" "'(-0.75862--0.689655]'" "'(-0.689655--0.62069]'" "'(-0.62069--0.551724]'" "'(-0.551724--0.482758]'" "'(-0.482758--0.206897]'" "'(-0.206897-inf)'" );
	position = (495 360);
	label = "V451";
}
node V519
{
	states = ("'(-inf--0.976518]'" "'(-0.976518--0.865861]'" "'(-0.865861--0.788472]'" "'(-0.788472--0.71542]'" "'(-0.71542--0.586639]'" "'(-0.586639--0.487625]'" "'(-0.487625--0.385736]'" "'(-0.385736--0.304021]'" "'(-0.304021--0.135854]'" "'(-0.135854-0.414386]'" "'(0.414386-inf)'" );
	position = (900 360);
	label = "V519";
}
node V160
{
	states = ("'(-inf--0.666366]'" "'(-0.666366--0.569249]'" "'(-0.569249--0.457379]'" "'(-0.457379--0.349079]'" "'(-0.349079--0.165187]'" "'(-0.165187-0.09762]'" "'(0.09762-0.278968]'" "'(0.278968-0.674588]'" "'(0.674588-0.797172]'" "'(0.797172-inf)'" );
	position = (450 450);
	label = "V160";
}
node V121
{
	states = ("'(-inf--0.468524]'" "'(-0.468524--0.2842]'" "'(-0.2842--0.129685]'" "'(-0.129685--0.084545]'" "'(-0.084545--0.05211]'" "'(-0.05211--0.040274]'" "'(-0.040274--0.030297]'" "'(-0.030297--0.025446]'" "'(-0.025446--0.019981]'" "'(-0.019981--0.010715]'" "'(-0.010715-0.001687]'" "'(0.001687-0.067715]'" "'(0.067715-0.243678]'" "'(0.243678-0.530849]'" "'(0.530849-inf)'" );
	position = (810 360);
	label = "V121";
}
node V159
{
	states = ("'(-inf--0.842023]'" "'(-0.842023--0.670343]'" "'(-0.670343--0.336008]'" "'(-0.336008--0.186046]'" "'(-0.186046-0.272023]'" "'(0.272023-0.468688]'" "'(0.468688-0.683871]'" "'(0.683871-inf)'" );
	position = (990 540);
	label = "V159";
}
node V452
{
	states = ("'(-inf--0.534893]'" "'(-0.534893--0.390331]'" "'(-0.390331--0.256123]'" "'(-0.256123--0.091788]'" "'(-0.091788-0.152538]'" "'(0.152538-0.329371]'" "'(0.329371-inf)'" );
	position = (675 360);
	label = "V452";
}
node Class
{
	states = ("1" "2" "3" "4" "5" "6" );
	position = (540 0);
	label = "Class";
}
node V70
{
	states = ("'(-inf--0.822473]'" "'(-0.822473--0.778387]'" "'(-0.778387--0.682585]'" "'(-0.682585--0.584545]'" "'(-0.584545--0.446836]'" "'(-0.446836--0.371478]'" "'(-0.371478--0.241406]'" "'(-0.241406--0.16063]'" "'(-0.16063--0.036952]'" "'(-0.036952-0.225576]'" "'(0.225576-inf)'" );
	position = (45 360);
	label = "V70";
}
node V558
{
	states = ("'(-inf--0.588847]'" "'(-0.588847--0.319955]'" "'(-0.319955-0.397201]'" "'(0.397201-0.582204]'" "'(0.582204-inf)'" );
	position = (720 450);
	label = "V558";
}
node V52
{
	states = ("'(-inf--0.714986]'" "'(-0.714986--0.468976]'" "'(-0.468976--0.435209]'" "'(-0.435209--0.396041]'" "'(-0.396041--0.325383]'" "'(-0.325383--0.292793]'" "'(-0.292793--0.205354]'" "'(-0.205354--0.166529]'" "'(-0.166529--0.124452]'" "'(-0.124452--0.093122]'" "'(-0.093122--0.044295]'" "'(-0.044295--0.021805]'" "'(-0.021805-0.014291]'" "'(0.014291-0.045581]'" "'(0.045581-0.103363]'" "'(0.103363-0.153799]'" "'(0.153799-0.18726]'" "'(0.18726-0.199825]'" "'(0.199825-0.228695]'" "'(0.228695-0.288116]'" "'(0.288116-0.300096]'" "'(0.300096-0.310298]'" "'(0.310298-0.322007]'" "'(0.322007-0.325769]'" "'(0.325769-0.338]'" "'(0.338-0.34055]'" "'(0.34055-0.352974]'" "'(0.352974-0.372471]'" "'(0.372471-0.394315]'" "'(0.394315-0.459456]'" "'(0.459456-0.476577]'" "'(0.476577-0.555503]'" "'(0.555503-0.563905]'" "'(0.563905-0.647226]'" "'(0.647226-0.718228]'" "'(0.718228-inf)'" );
	position = (225 450);
	label = "V52";
}
node V53
{
	states = ("'(-inf-0.096185]'" "'(0.096185-0.592957]'" "'(0.592957-0.724492]'" "'(0.724492-0.775403]'" "'(0.775403-0.802723]'" "'(0.802723-0.835869]'" "'(0.835869-0.876177]'" "'(0.876177-0.906963]'" "'(0.906963-0.915164]'" "'(0.915164-0.950244]'" "'(0.950244-0.957757]'" "'(0.957757-0.970552]'" "'(0.970552-0.978341]'" "'(0.978341-0.984036]'" "'(0.984036-inf)'" );
	position = (135 450);
	label = "V53";
}
node V370
{
	states = ("'(-inf--0.94]'" "'(-0.94--0.9]'" "'(-0.9--0.86]'" "'(-0.86--0.82]'" "'(-0.82--0.78]'" "'(-0.78--0.74]'" "'(-0.74--0.66]'" "'(-0.66--0.62]'" "'(-0.62--0.54]'" "'(-0.54--0.5]'" "'(-0.5--0.46]'" "'(-0.46--0.22]'" "'(-0.22--0.1]'" "'(-0.1-0.06]'" "'(0.06-inf)'" );
	position = (270 270);
	label = "V370";
}
node V412
{
	states = ("'(-inf--0.996699]'" "'(-0.996699--0.992717]'" "'(-0.992717--0.98824]'" "'(-0.98824--0.978641]'" "'(-0.978641--0.936546]'" "'(-0.936546--0.910638]'" "'(-0.910638--0.844297]'" "'(-0.844297--0.719001]'" "'(-0.719001-inf)'" );
	position = (900 450);
	label = "V412";
}
node V449
{
	states = ("'(-inf--0.966666]'" "'(-0.966666--0.9]'" "'(-0.9--0.833333]'" "'(-0.833333--0.766667]'" "'(-0.766667--0.7]'" "'(-0.7--0.633333]'" "'(-0.633333--0.566666]'" "'(-0.566666--0.366667]'" "'(-0.366667--0.233333]'" "'(-0.233333-inf)'" );
	position = (540 450);
	label = "V449";
}
node V105
{
	states = ("'(-inf--0.069858]'" "'(-0.069858-0.0145]'" "'(0.0145-0.028745]'" "'(0.028745-0.128167]'" "'(0.128167-0.22739]'" "'(0.22739-0.487538]'" "'(0.487538-0.561432]'" "'(0.561432-0.732523]'" "'(0.732523-0.830865]'" "'(0.830865-inf)'" );
	position = (945 540);
	label = "V105";
}
node V54
{
	states = ("'(-inf--0.760609]'" "'(-0.760609--0.529905]'" "'(-0.529905--0.440644]'" "'(-0.440644--0.391891]'" "'(-0.391891--0.373814]'" "'(-0.373814--0.335047]'" "'(-0.335047--0.281006]'" "'(-0.281006--0.235289]'" "'(-0.235289--0.207452]'" "'(-0.207452--0.175256]'" "'(-0.175256--0.145929]'" "'(-0.145929--0.102826]'" "'(-0.102826--0.058026]'" "'(-0.058026--0.030146]'" "'(-0.030146-0.026302]'" "'(0.026302-0.111227]'" "'(0.111227-0.141643]'" "'(0.141643-0.188938]'" "'(0.188938-0.196012]'" "'(0.196012-0.196268]'" "'(0.196268-0.201854]'" "'(0.201854-0.228067]'" "'(0.228067-0.364103]'" "'(0.364103-0.374449]'" "'(0.374449-0.429982]'" "'(0.429982-0.565103]'" "'(0.565103-0.620528]'" "'(0.620528-0.621949]'" "'(0.621949-inf)'" );
	position = (225 180);
	label = "V54";
}
node V42
{
	states = ("'(-inf--0.770579]'" "'(-0.770579--0.555192]'" "'(-0.555192--0.474201]'" "'(-0.474201--0.405546]'" "'(-0.405546--0.397509]'" "'(-0.397509--0.387955]'" "'(-0.387955--0.368017]'" "'(-0.368017--0.307538]'" "'(-0.307538--0.297782]'" "'(-0.297782--0.21139]'" "'(-0.21139--0.197617]'" "'(-0.197617--0.168935]'" "'(-0.168935--0.121018]'" "'(-0.121018--0.09182]'" "'(-0.09182--0.053422]'" "'(-0.053422--0.02805]'" "'(-0.02805--0.011203]'" "'(-0.011203-0.006552]'" "'(0.006552-0.059013]'" "'(0.059013-0.07311]'" "'(0.07311-0.10758]'" "'(0.10758-0.174447]'" "'(0.174447-0.17889]'" "'(0.17889-0.211205]'" "'(0.211205-0.345216]'" "'(0.345216-0.412068]'" "'(0.412068-0.546852]'" "'(0.546852-0.603326]'" "'(0.603326-0.604571]'" "'(0.604571-inf)'" );
	position = (180 270);
	label = "V42";
}
node V559
{
	states = ("'(-inf--0.983011]'" "'(-0.983011--0.921426]'" "'(-0.921426--0.900246]'" "'(-0.900246--0.870258]'" "'(-0.870258--0.845636]'" "'(-0.845636--0.83465]'" "'(-0.83465--0.81172]'" "'(-0.81172--0.789106]'" "'(-0.789106--0.770513]'" "'(-0.770513--0.751937]'" "'(-0.751937--0.635966]'" "'(-0.635966--0.612389]'" "'(-0.612389--0.561671]'" "'(-0.561671--0.45801]'" "'(-0.45801--0.446169]'" "'(-0.446169--0.378555]'" "'(-0.378555--0.243885]'" "'(-0.243885-0.136399]'" "'(0.136399-inf)'" );
	position = (180 360);
	label = "V559";
}
node V505
{
	states = ("'(-inf--0.993097]'" "'(-0.993097--0.983678]'" "'(-0.983678--0.952534]'" "'(-0.952534--0.696124]'" "'(-0.696124--0.649411]'" "'(-0.649411--0.522005]'" "'(-0.522005--0.413836]'" "'(-0.413836--0.166047]'" "'(-0.166047--0.085113]'" "'(-0.085113-0.01998]'" "'(0.01998-0.112411]'" "'(0.112411-0.220837]'" "'(0.220837-inf)'" );
	position = (675 270);
	label = "V505";
}
node V38
{
	states = ("'(-inf--0.824554]'" "'(-0.824554--0.691063]'" "'(-0.691063--0.513034]'" "'(-0.513034--0.427077]'" "'(-0.427077--0.287622]'" "'(-0.287622--0.182017]'" "'(-0.182017--0.114017]'" "'(-0.114017-0.015286]'" "'(0.015286-0.15521]'" "'(0.15521-0.283915]'" "'(0.283915-0.471398]'" "'(0.471398-0.649761]'" "'(0.649761-inf)'" );
	position = (360 90);
	label = "V38";
}
node V80
{
	states = ("'(-inf--0.99002]'" "'(-0.99002--0.930246]'" "'(-0.930246--0.542844]'" "'(-0.542844-0.566474]'" "'(0.566474-0.914754]'" "'(0.914754-0.987418]'" "'(0.987418-inf)'" );
	position = (405 540);
	label = "V80";
}
node V557
{
	states = ("'(-inf--0.912737]'" "'(-0.912737--0.767303]'" "'(-0.767303--0.695176]'" "'(-0.695176--0.561594]'" "'(-0.561594--0.436628]'" "'(-0.436628-0.261573]'" "'(0.261573-0.56223]'" "'(0.56223-0.732136]'" "'(0.732136-0.868185]'" "'(0.868185-0.921978]'" "'(0.921978-inf)'" );
	position = (810 450);
	label = "V557";
}
node V538
{
	states = ("'(-inf--0.974359]'" "'(-0.974359--0.871795]'" "'(-0.871795--0.820513]'" "'(-0.820513--0.769231]'" "'(-0.769231--0.666667]'" "'(-0.666667--0.615385]'" "'(-0.615385--0.25641]'" "'(-0.25641-inf)'" );
	position = (495 450);
	label = "V538";
}
potential ( V158 | Class V159 )
{
	data = (((	0.125	0.125	0.125	0.125	0.125	0.125	0.125	0.125	)
		(	0.125	0.125	0.125	0.125	0.125	0.125	0.125	0.125	)
		(	0.0037313432835820903	0.03358208955223881	0.08582089552238807	0.8544776119402987	0.01119402985074627	0.0037313432835820903	0.0037313432835820903	0.0037313432835820903	)
		(	0.0017006802721088437	0.11734693877551022	0.14115646258503403	0.675170068027211	0.05952380952380953	0.0017006802721088437	0.0017006802721088437	0.0017006802721088437	)
		(	0.001261564339781329	0.055088309503784696	0.1543313708999159	0.6783010933557612	0.10975609756097561	4.2052144659377626E-4	4.2052144659377626E-4	4.2052144659377626E-4	)
		(	0.004347826086956523	0.3434782608695653	0.09130434782608697	0.3695652173913044	0.17826086956521742	0.004347826086956523	0.004347826086956523	0.004347826086956523	)
		(	0.04999999999999999	0.5499999999999999	0.04999999999999999	0.14999999999999997	0.04999999999999999	0.04999999999999999	0.04999999999999999	0.04999999999999999	)
		(	0.125	0.125	0.125	0.125	0.125	0.125	0.125	0.125	))
		((	0.125	0.125	0.125	0.125	0.125	0.125	0.125	0.125	)
		(	0.0076923076923076945	0.22307692307692314	0.46923076923076934	0.2692307692307693	0.0076923076923076945	0.0076923076923076945	0.0076923076923076945	0.0076923076923076945	)
		(	0.0012658227848101266	0.15063291139240506	0.30253164556962026	0.49240506329113926	0.03670886075949367	0.008860759493670886	0.006329113924050633	0.0012658227848101266	)
		(	0.005597014925373134	0.07649253731343283	0.1623134328358209	0.6473880597014925	0.07649253731343283	0.024253731343283583	0.005597014925373134	0.0018656716417910447	)
		(	0.004370629370629372	0.06730769230769232	0.08304195804195806	0.6127622377622379	0.18094405594405596	0.04108391608391609	0.009615384615384618	8.741258741258742E-4	)
		(	0.01020408163265306	0.03741496598639456	0.08503401360544217	0.46598639455782315	0.21428571428571427	0.13945578231292516	0.04421768707482993	0.003401360544217687	)
		(	0.004629629629629629	0.032407407407407406	0.041666666666666664	0.18055555555555555	0.3287037037037037	0.24537037037037038	0.16203703703703703	0.004629629629629629	)
		(	0.029411764705882353	0.029411764705882353	0.029411764705882353	0.029411764705882353	0.14705882352941177	0.2647058823529412	0.4411764705882353	0.029411764705882353	))
		((	0.125	0.125	0.125	0.125	0.125	0.125	0.125	0.125	)
		(	0.125	0.125	0.125	0.125	0.125	0.125	0.125	0.125	)
		(	0.004464285714285715	0.013392857142857144	0.08482142857142859	0.7633928571428572	0.1205357142857143	0.004464285714285715	0.004464285714285715	0.004464285714285715	)
		(	0.002242152466367713	0.020179372197309416	0.06053811659192825	0.7780269058295964	0.13228699551569506	0.002242152466367713	0.002242152466367713	0.002242152466367713	)
		(	5.675368898978433E-4	0.024404086265607264	0.1333711691259932	0.7258796821793416	0.10045402951191827	0.014188422247446084	5.675368898978433E-4	5.675368898978433E-4	)
		(	0.0030120481927710845	0.0030120481927710845	0.09337349397590361	0.7018072289156626	0.17771084337349397	0.015060240963855422	0.0030120481927710845	0.0030120481927710845	)
		(	0.011363636363636366	0.011363636363636366	0.12500000000000003	0.6704545454545455	0.10227272727272729	0.05681818181818182	0.011363636363636366	0.011363636363636366	)
		(	0.125	0.125	0.125	0.125	0.125	0.125	0.125	0.125	))
		((	0.05555555555555555	0.05555555555555555	0.011111111111111112	0.14444444444444443	0.1	0.1	0.25555555555555554	0.2777777777777778	)
		(	0.035211267605633804	0.07746478873239436	0.06338028169014084	0.2605633802816901	0.09154929577464789	0.13380281690140844	0.2323943661971831	0.1056338028169014	)
		(	0.016055045871559634	0.04357798165137615	0.12614678899082568	0.4380733944954128	0.17660550458715596	0.10779816513761468	0.08486238532110092	0.006880733944954129	)
		(	0.020958083832335328	0.014970059880239521	0.09281437125748503	0.5059880239520959	0.23652694610778444	0.08083832335329341	0.03293413173652695	0.014970059880239521	)
		(	0.010236220472440945	0.06377952755905512	0.131496062992126	0.5582677165354331	0.15669291338582678	0.04488188976377953	0.030708661417322834	0.003937007874015748	)
		(	0.017509727626459144	0.16536964980544747	0.24708171206225682	0.42996108949416345	0.0914396887159533	0.033073929961089495	0.013618677042801557	0.0019455252918287938	)
		(	0.05526315789473684	0.29736842105263156	0.2868421052631579	0.2236842105263158	0.08157894736842106	0.039473684210526314	0.013157894736842105	0.002631578947368421	)
		(	0.2278761061946902	0.2765486725663716	0.1393805309734513	0.21017699115044242	0.055309734513274325	0.028761061946902648	0.04203539823008849	0.019911504424778757	))
		((	0.08333333333333333	0.18333333333333332	0.11666666666666667	0.2833333333333333	0.05	0.08333333333333333	0.11666666666666667	0.08333333333333333	)
		(	0.06875000000000002	0.06875000000000002	0.11875000000000001	0.28125000000000006	0.18125000000000002	0.10625000000000001	0.16875000000000004	0.006250000000000001	)
		(	0.01	0.03	0.11285714285714285	0.5157142857142857	0.22428571428571428	0.08428571428571428	0.02142857142857143	0.0014285714285714286	)
		(	0.01569506726457399	0.02914798206278027	0.06950672645739911	0.6210762331838565	0.2085201793721973	0.033632286995515695	0.01569506726457399	0.006726457399103139	)
		(	0.013157894736842106	0.03696741854636592	0.12593984962406019	0.6422305764411028	0.137218045112782	0.024436090225563912	0.01942355889724311	6.265664160401003E-4	)
		(	0.018072289156626505	0.050200803212851405	0.23092369477911648	0.5642570281124498	0.07028112449799197	0.02610441767068273	0.03815261044176707	0.002008032128514056	)
		(	0.016778523489932886	0.13087248322147652	0.19798657718120805	0.4865771812080537	0.08389261744966443	0.06375838926174497	0.016778523489932886	0.003355704697986577	)
		(	0.07627118644067798	0.1610169491525424	0.09322033898305086	0.364406779661017	0.17796610169491528	0.07627118644067798	0.04237288135593221	0.008474576271186442	))
		((	0.4880952380952381	0.13095238095238096	0.03571428571428571	0.10714285714285714	0.05952380952380952	0.011904761904761904	0.08333333333333333	0.08333333333333333	)
		(	0.3148148148148148	0.15432098765432098	0.11728395061728394	0.2037037037037037	0.043209876543209874	0.05555555555555555	0.08024691358024691	0.030864197530864196	)
		(	0.12284482758620686	0.1530172413793103	0.16594827586206895	0.3211206896551724	0.07974137931034482	0.04956896551724137	0.08836206896551722	0.019396551724137928	)
		(	0.11858974358974358	0.16346153846153846	0.15705128205128205	0.3685897435897436	0.07371794871794872	0.05448717948717949	0.05448717948717949	0.009615384615384616	)
		(	0.08396369137670197	0.17473524962178516	0.1535552193645991	0.4167927382753404	0.12027231467473525	0.024962178517397883	0.012859304084720122	0.012859304084720122	)
		(	0.10885608856088562	0.21955719557195574	0.19741697416974172	0.29335793357933587	0.10147601476014761	0.01660516605166052	0.03505535055350554	0.02767527675276753	)
		(	0.10042735042735045	0.29700854700854706	0.19871794871794873	0.22863247863247865	0.06623931623931625	0.036324786324786335	0.036324786324786335	0.036324786324786335	)
		(	0.24916387959866224	0.2759197324414716	0.11204013377926422	0.17892976588628765	0.04849498327759198	0.025083612040133783	0.06521739130434784	0.04515050167224081	)));
}
potential ( V108 | Class V370 )
{
	data = (((	0.14285714285714288	0.14285714285714288	0.14285714285714288	0.14285714285714288	0.14285714285714288	0.14285714285714288	0.14285714285714288	)
		(	0.14285714285714288	0.14285714285714288	0.14285714285714288	0.14285714285714288	0.14285714285714288	0.14285714285714288	0.14285714285714288	)
		(	0.21311475409836064	0.18032786885245902	0.2677595628415301	0.18032786885245902	0.12568306010928962	0.0273224043715847	0.00546448087431694	)
		(	0.09859154929577464	0.14553990610328638	0.23943661971830985	0.2300469483568075	0.2112676056338028	0.07042253521126761	0.004694835680751174	)
		(	0.07692307692307693	0.07692307692307693	0.23076923076923078	0.07692307692307693	0.38461538461538464	0.07692307692307693	0.07692307692307693	)
		(	0.09565217391304348	0.3565217391304348	0.26956521739130435	0.1826086956521739	0.06086956521739131	0.02608695652173913	0.008695652173913044	)
		(	0.17647058823529413	0.17647058823529413	0.17647058823529413	0.2549019607843137	0.13725490196078433	0.058823529411764705	0.0196078431372549	)
		(	0.09090909090909091	0.45454545454545453	0.09090909090909091	0.09090909090909091	0.09090909090909091	0.09090909090909091	0.09090909090909091	)
		(	0.21739130434782608	0.2	0.21739130434782608	0.14782608695652175	0.14782608695652175	0.06086956521739131	0.008695652173913044	)
		(	0.1977077363896848	0.16332378223495703	0.18624641833810887	0.2034383954154728	0.18051575931232092	0.06017191977077364	0.008595988538681949	)
		(	0.12743628185907047	0.15742128935532235	0.1874062968515742	0.21139430284857572	0.1874062968515742	0.11244377811094453	0.01649175412293853	)
		(	0.040152963671128104	0.14212874442319948	0.16634799235181644	0.21351179094964945	0.2836201402166985	0.11663479923518165	0.03760356915232632	)
		(	0.06010928961748632	0.11475409836065571	0.14754098360655735	0.22404371584699448	0.14754098360655735	0.22404371584699448	0.08196721311475408	)
		(	0.05084745762711865	0.11864406779661017	0.2542372881355932	0.15254237288135594	0.2542372881355932	0.05084745762711865	0.11864406779661017	)
		(	0.14285714285714288	0.14285714285714288	0.14285714285714288	0.14285714285714288	0.14285714285714288	0.14285714285714288	0.14285714285714288	))
		((	0.14285714285714288	0.14285714285714288	0.14285714285714288	0.14285714285714288	0.14285714285714288	0.14285714285714288	0.14285714285714288	)
		(	0.33793103448275863	0.2689655172413793	0.1310344827586207	0.1310344827586207	0.07586206896551724	0.034482758620689655	0.020689655172413793	)
		(	0.2095617529880478	0.2446215139442231	0.2095617529880478	0.17609561752988048	0.1362549800796813	0.023107569721115537	7.968127490039841E-4	)
		(	0.16516516516516516	0.17717717717717718	0.23123123123123124	0.21921921921921922	0.19519519519519518	0.009009009009009009	0.003003003003003003	)
		(	0.2727272727272727	0.2727272727272727	0.09090909090909091	0.09090909090909091	0.09090909090909091	0.09090909090909091	0.09090909090909091	)
		(	0.2830188679245283	0.24528301886792453	0.16981132075471697	0.24528301886792453	0.018867924528301886	0.018867924528301886	0.018867924528301886	)
		(	0.2163009404388715	0.22257053291536052	0.2100313479623825	0.18495297805642635	0.14106583072100315	0.021943573667711602	0.0031347962382445144	)
		(	0.22033898305084748	0.28813559322033905	0.22033898305084748	0.08474576271186442	0.11864406779661019	0.050847457627118654	0.016949152542372885	)
		(	0.28395061728395055	0.23456790123456783	0.13580246913580243	0.1604938271604938	0.14403292181069957	0.03703703703703703	0.004115226337448559	)
		(	0.18672199170124482	0.18672199170124482	0.21991701244813278	0.15352697095435686	0.22821576763485477	0.02074688796680498	0.004149377593360996	)
		(	0.14285714285714285	0.24812030075187969	0.3082706766917293	0.17293233082706766	0.09774436090225563	0.007518796992481203	0.022556390977443608	)
		(	0.0819672131147541	0.1475409836065574	0.23278688524590166	0.259016393442623	0.23278688524590166	0.042622950819672135	0.0032786885245901644	)
		(	0.19298245614035092	0.08771929824561404	0.19298245614035092	0.12280701754385967	0.29824561403508776	0.05263157894736843	0.05263157894736843	)
		(	0.2173913043478261	0.04347826086956522	0.13043478260869568	0.39130434782608703	0.13043478260869568	0.04347826086956522	0.04347826086956522	)
		(	0.11111111111111108	0.11111111111111108	0.33333333333333326	0.11111111111111108	0.11111111111111108	0.11111111111111108	0.11111111111111108	))
		((	0.14285714285714288	0.14285714285714288	0.14285714285714288	0.14285714285714288	0.14285714285714288	0.14285714285714288	0.14285714285714288	)
		(	0.19999999999999996	0.35999999999999993	0.27999999999999997	0.039999999999999994	0.039999999999999994	0.039999999999999994	0.039999999999999994	)
		(	0.263681592039801	0.24378109452736318	0.22056384742951907	0.15091210613598674	0.1044776119402985	0.014925373134328358	0.001658374792703151	)
		(	0.3039918116683726	0.23848515864892528	0.20368474923234392	0.13613101330603888	0.0931422722620266	0.017400204708290685	0.007164790174002047	)
		(	0.3488372093023256	0.2713178294573643	0.14728682170542637	0.08527131782945736	0.13178294573643412	0.007751937984496124	0.007751937984496124	)
		(	0.34117647058823536	0.20000000000000004	0.22352941176470592	0.10588235294117648	0.10588235294117648	0.011764705882352943	0.011764705882352943	)
		(	0.32732732732732733	0.22522522522522523	0.1831831831831832	0.15915915915915915	0.08708708708708708	0.015015015015015015	0.003003003003003003	)
		(	0.10204081632653061	0.22448979591836735	0.22448979591836735	0.30612244897959184	0.10204081632653061	0.02040816326530612	0.02040816326530612	)
		(	0.11578947368421053	0.17894736842105263	0.3473684210526316	0.17894736842105263	0.11578947368421053	0.05263157894736842	0.010526315789473684	)
		(	0.15254237288135594	0.1864406779661017	0.11864406779661017	0.3559322033898305	0.05084745762711865	0.11864406779661017	0.01694915254237288	)
		(	0.22448979591836735	0.14285714285714285	0.22448979591836735	0.14285714285714285	0.22448979591836735	0.02040816326530612	0.02040816326530612	)
		(	0.10850439882697945	0.19061583577712604	0.126099706744868	0.17302052785923752	0.313782991202346	0.07917888563049852	0.00879765395894428	)
		(	0.01098901098901099	0.0989010989010989	0.16483516483516483	0.34065934065934067	0.2967032967032967	0.07692307692307693	0.01098901098901099	)
		(	0.15254237288135597	0.22033898305084748	0.28813559322033905	0.08474576271186442	0.22033898305084748	0.016949152542372885	0.016949152542372885	)
		(	0.2	0.06666666666666667	0.4666666666666667	0.06666666666666667	0.06666666666666667	0.06666666666666667	0.06666666666666667	))
		((	0.12195121951219512	0.21951219512195122	0.07317073170731707	0.21951219512195122	0.12195121951219512	0.17073170731707318	0.07317073170731707	)
		(	0.14285714285714288	0.14285714285714288	0.14285714285714288	0.14285714285714288	0.14285714285714288	0.14285714285714288	0.14285714285714288	)
		(	0.14285714285714288	0.14285714285714288	0.14285714285714288	0.14285714285714288	0.14285714285714288	0.14285714285714288	0.14285714285714288	)
		(	0.1111111111111111	0.1111111111111111	0.1111111111111111	0.1111111111111111	0.3333333333333333	0.1111111111111111	0.1111111111111111	)
		(	0.06666666666666667	0.3333333333333333	0.06666666666666667	0.2	0.2	0.06666666666666667	0.06666666666666667	)
		(	0.14285714285714288	0.14285714285714288	0.14285714285714288	0.14285714285714288	0.14285714285714288	0.14285714285714288	0.14285714285714288	)
		(	0.13253012048192772	0.08433734939759036	0.18072289156626506	0.30120481927710846	0.20481927710843373	0.08433734939759036	0.012048192771084338	)
		(	0.061946902654867256	0.04424778761061947	0.25663716814159293	0.18584070796460178	0.3274336283185841	0.11504424778761062	0.008849557522123894	)
		(	0.07216494845360824	0.09278350515463918	0.17525773195876287	0.24398625429553264	0.3470790378006873	0.06529209621993128	0.003436426116838488	)
		(	0.0956521739130435	0.0956521739130435	0.20000000000000004	0.2695652173913044	0.2521739130434783	0.060869565217391314	0.026086956521739132	)
		(	0.04964539007092199	0.07801418439716312	0.1347517730496454	0.2198581560283688	0.3191489361702128	0.12056737588652482	0.07801418439716312	)
		(	0.02665350444225074	0.044422507403751234	0.10562685093780849	0.13919052319842054	0.3464955577492596	0.23593287265547877	0.1016781836130306	)
		(	0.007587253414264037	0.025796661608497723	0.03793626707132018	0.1047040971168437	0.3930197268588771	0.2534142640364188	0.17754172989377845	)
		(	0.007235890014471781	0.024602026049204057	0.05354558610709118	0.12879884225759772	0.34298118668596245	0.2879884225759769	0.15484804630969612	)
		(	0.010706638115631693	0.04068522483940044	0.13062098501070665	0.18629550321199145	0.36188436830835125	0.1991434689507495	0.07066381156316918	))
		((	0.06666666666666667	0.06666666666666667	0.06666666666666667	0.2	0.4666666666666667	0.06666666666666667	0.06666666666666667	)
		(	0.14285714285714288	0.14285714285714288	0.14285714285714288	0.14285714285714288	0.14285714285714288	0.14285714285714288	0.14285714285714288	)
		(	0.14285714285714288	0.14285714285714288	0.14285714285714288	0.14285714285714288	0.14285714285714288	0.14285714285714288	0.14285714285714288	)
		(	0.14285714285714288	0.14285714285714288	0.14285714285714288	0.14285714285714288	0.14285714285714288	0.14285714285714288	0.14285714285714288	)
		(	0.07692307692307693	0.23076923076923078	0.23076923076923078	0.23076923076923078	0.07692307692307693	0.07692307692307693	0.07692307692307693	)
		(	0.23076923076923078	0.07692307692307693	0.23076923076923078	0.23076923076923078	0.07692307692307693	0.07692307692307693	0.07692307692307693	)
		(	0.2079207920792079	0.0891089108910891	0.24752475247524752	0.22772277227722773	0.16831683168316833	0.04950495049504951	0.009900990099009901	)
		(	0.06493506493506493	0.14285714285714285	0.19480519480519481	0.24675324675324675	0.2987012987012987	0.03896103896103896	0.012987012987012988	)
		(	0.035897435897435895	0.15897435897435896	0.2	0.2205128205128205	0.30256410256410254	0.07692307692307693	0.005128205128205128	)
		(	0.1092436974789916	0.15966386554621848	0.19327731092436976	0.1092436974789916	0.2773109243697479	0.058823529411764705	0.09243697478991597	)
		(	0.023622047244094488	0.05511811023622047	0.1968503937007874	0.1968503937007874	0.30708661417322836	0.16535433070866143	0.05511811023622047	)
		(	0.027522935779816515	0.03419516263552961	0.07089241034195162	0.15763135946622187	0.33611342785654713	0.24103419516263552	0.13261050875729774	)
		(	0.0038119440914866584	0.01905972045743329	0.044472681067344345	0.1207115628970775	0.3036848792884371	0.2579415501905972	0.2503176620076239	)
		(	0.0012210012210012208	0.01587301587301587	0.04029304029304029	0.11111111111111108	0.3675213675213675	0.2405372405372405	0.2234432234432234	)
		(	0.030162412993039442	0.06264501160092807	0.12296983758700696	0.15081206496519722	0.3271461716937355	0.19721577726218098	0.10904872389791183	))
		((	0.09774436090225563	0.15789473684210525	0.21804511278195488	0.2631578947368421	0.14285714285714285	0.06766917293233082	0.05263157894736842	)
		(	0.14285714285714288	0.14285714285714288	0.14285714285714288	0.14285714285714288	0.14285714285714288	0.14285714285714288	0.14285714285714288	)
		(	0.14285714285714288	0.14285714285714288	0.14285714285714288	0.14285714285714288	0.14285714285714288	0.14285714285714288	0.14285714285714288	)
		(	0.23076923076923084	0.23076923076923084	0.23076923076923084	0.07692307692307694	0.07692307692307694	0.07692307692307694	0.07692307692307694	)
		(	0.3333333333333333	0.21212121212121213	0.21212121212121213	0.09090909090909091	0.09090909090909091	0.030303030303030304	0.030303030303030304	)
		(	0.14754098360655737	0.14754098360655737	0.21311475409836064	0.21311475409836064	0.21311475409836064	0.04918032786885246	0.01639344262295082	)
		(	0.08958837772397095	0.15254237288135594	0.24939467312348668	0.2542372881355932	0.22033898305084745	0.031476997578692496	0.002421307506053269	)
		(	0.0718232044198895	0.13812154696132597	0.1712707182320442	0.34806629834254144	0.2265193370165746	0.03867403314917127	0.0055248618784530384	)
		(	0.07772020725388601	0.17098445595854922	0.24352331606217617	0.20207253886010362	0.29533678756476683	0.0051813471502590676	0.0051813471502590676	)
		(	0.07692307692307693	0.1076923076923077	0.16923076923076924	0.2923076923076923	0.26153846153846155	0.07692307692307693	0.015384615384615385	)
		(	0.10891089108910891	0.12871287128712872	0.10891089108910891	0.2871287128712871	0.26732673267326734	0.04950495049504951	0.04950495049504951	)
		(	0.019073569482288825	0.04632152588555857	0.12443233424159852	0.21707538601271567	0.3587647593097184	0.1625794732061762	0.07175295186194368	)
		(	0.00186219739292365	0.035381750465549346	0.09497206703910614	0.16201117318435754	0.3780260707635009	0.21415270018621974	0.11359404096834265	)
		(	0.01555869872701556	0.041018387553041026	0.10042432814710044	0.19943422913719946	0.35219236209335225	0.20509193776520512	0.08628005657708629	)
		(	0.038548752834467126	0.08390022675736963	0.21995464852607713	0.17006802721088438	0.3242630385487529	0.12471655328798187	0.038548752834467126	)));
}
potential ( V303 | Class V38 )
{
	data = (((	0.07692307692307694	0.07692307692307694	0.07692307692307694	0.07692307692307694	0.07692307692307694	0.07692307692307694	0.07692307692307694	0.07692307692307694	0.07692307692307694	0.07692307692307694	0.07692307692307694	0.07692307692307694	0.07692307692307694	)
		(	0.07692307692307694	0.07692307692307694	0.07692307692307694	0.07692307692307694	0.07692307692307694	0.07692307692307694	0.07692307692307694	0.07692307692307694	0.07692307692307694	0.07692307692307694	0.07692307692307694	0.07692307692307694	0.07692307692307694	)
		(	0.06666666666666668	0.06666666666666668	0.06666666666666668	0.06666666666666668	0.06666666666666668	0.06666666666666668	0.06666666666666668	0.20000000000000004	0.06666666666666668	0.06666666666666668	0.06666666666666668	0.06666666666666668	0.06666666666666668	)
		(	0.013333333333333334	0.013333333333333334	0.013333333333333334	0.013333333333333334	0.013333333333333334	0.013333333333333334	0.12	0.2	0.36	0.06666666666666667	0.14666666666666667	0.013333333333333334	0.013333333333333334	)
		(	0.0024691358024691358	0.0024691358024691358	0.0024691358024691358	0.0024691358024691358	0.0024691358024691358	0.012345679012345678	0.31851851851851853	0.3333333333333333	0.1308641975308642	0.07160493827160494	0.10617283950617284	0.012345679012345678	0.0024691358024691358	)
		(	0.001455604075691412	0.001455604075691412	0.001455604075691412	0.001455604075691412	0.001455604075691412	0.00727802037845706	0.38573508005822416	0.3508005822416303	0.15574963609898107	0.08005822416302766	0.00727802037845706	0.004366812227074236	0.001455604075691412	)
		(	0.00145985401459854	0.00145985401459854	0.00145985401459854	0.00145985401459854	0.00145985401459854	0.010218978102189781	0.4306569343065693	0.29927007299270075	0.16204379562043797	0.07153284671532846	0.010218978102189781	0.0072992700729927005	0.00145985401459854	)
		(	0.0010537407797681772	0.0010537407797681772	0.0010537407797681772	0.0010537407797681772	0.0010537407797681772	0.03898840885142256	0.452054794520548	0.2708113804004216	0.14646996838777662	0.07481559536354059	0.009483667017913595	0.0010537407797681772	0.0010537407797681772	)
		(	0.0019417475728155341	0.0019417475728155341	0.0019417475728155341	0.0019417475728155341	0.0019417475728155341	0.13786407766990294	0.46796116504854374	0.2660194174757282	0.08737864077669905	0.021359223300970877	0.005825242718446603	0.0019417475728155341	0.0019417475728155341	)
		(	0.005025125628140704	0.005025125628140704	0.005025125628140704	0.005025125628140704	0.04522613065326633	0.19597989949748743	0.49748743718592964	0.19597989949748743	0.01507537688442211	0.01507537688442211	0.005025125628140704	0.005025125628140704	0.005025125628140704	)
		(	0.03225806451612904	0.03225806451612904	0.03225806451612904	0.03225806451612904	0.09677419354838712	0.09677419354838712	0.4838709677419356	0.03225806451612904	0.03225806451612904	0.03225806451612904	0.03225806451612904	0.03225806451612904	0.03225806451612904	)
		(	0.07692307692307694	0.07692307692307694	0.07692307692307694	0.07692307692307694	0.07692307692307694	0.07692307692307694	0.07692307692307694	0.07692307692307694	0.07692307692307694	0.07692307692307694	0.07692307692307694	0.07692307692307694	0.07692307692307694	)
		(	0.07692307692307694	0.07692307692307694	0.07692307692307694	0.07692307692307694	0.07692307692307694	0.07692307692307694	0.07692307692307694	0.07692307692307694	0.07692307692307694	0.07692307692307694	0.07692307692307694	0.07692307692307694	0.07692307692307694	))
		((	0.07692307692307694	0.07692307692307694	0.07692307692307694	0.07692307692307694	0.07692307692307694	0.07692307692307694	0.07692307692307694	0.07692307692307694	0.07692307692307694	0.07692307692307694	0.07692307692307694	0.07692307692307694	0.07692307692307694	)
		(	0.058823529411764705	0.058823529411764705	0.058823529411764705	0.058823529411764705	0.058823529411764705	0.058823529411764705	0.058823529411764705	0.058823529411764705	0.17647058823529413	0.17647058823529413	0.058823529411764705	0.058823529411764705	0.058823529411764705	)
		(	0.0030959752321981426	0.0030959752321981426	0.0030959752321981426	0.0030959752321981426	0.0030959752321981426	0.0030959752321981426	0.02786377708978328	0.25077399380804954	0.3065015479876161	0.30030959752321984	0.08359133126934984	0.009287925696594427	0.0030959752321981426	)
		(	0.0021691973969631237	0.0021691973969631237	0.0021691973969631237	0.0021691973969631237	0.0021691973969631237	0.0021691973969631237	0.0368763557483731	0.25379609544468545	0.21908893709327548	0.3275488069414317	0.09327548806941431	0.0455531453362256	0.010845986984815618	)
		(	0.0010449320794148381	0.0010449320794148381	0.0010449320794148381	0.0010449320794148381	0.0010449320794148381	0.0010449320794148381	0.09508881922675026	0.3458725182863114	0.23719958202716823	0.20167189132706373	0.07001044932079414	0.030303030303030304	0.013584117032392894	)
		(	0.0013831258644536654	0.0013831258644536654	0.0013831258644536654	0.0013831258644536654	0.0013831258644536654	0.004149377593360996	0.13692946058091288	0.32226832641770403	0.23374827109266944	0.23098201936376211	0.059474412171507604	0.004149377593360996	0.0013831258644536654	)
		(	0.0033444816053511705	0.0033444816053511705	0.0033444816053511705	0.0033444816053511705	0.0033444816053511705	0.016722408026755852	0.16387959866220736	0.2709030100334448	0.23745819397993312	0.26421404682274247	0.023411371237458192	0.0033444816053511705	0.0033444816053511705	)
		(	0.004149377593360996	0.004149377593360996	0.004149377593360996	0.004149377593360996	0.004149377593360996	0.04564315352697095	0.2697095435684647	0.3112033195020747	0.17012448132780084	0.15352697095435686	0.02074688796680498	0.004149377593360996	0.004149377593360996	)
		(	0.008849557522123894	0.008849557522123894	0.008849557522123894	0.008849557522123894	0.008849557522123894	0.02654867256637168	0.168141592920354	0.34513274336283184	0.20353982300884957	0.168141592920354	0.02654867256637168	0.008849557522123894	0.008849557522123894	)
		(	0.016949152542372885	0.016949152542372885	0.016949152542372885	0.016949152542372885	0.016949152542372885	0.016949152542372885	0.15254237288135597	0.28813559322033905	0.15254237288135597	0.22033898305084748	0.016949152542372885	0.050847457627118654	0.016949152542372885	)
		(	0.04	0.04	0.04	0.04	0.04	0.04	0.12	0.12	0.2	0.12	0.12	0.04	0.04	)
		(	0.07692307692307694	0.07692307692307694	0.07692307692307694	0.07692307692307694	0.07692307692307694	0.07692307692307694	0.07692307692307694	0.07692307692307694	0.07692307692307694	0.07692307692307694	0.07692307692307694	0.07692307692307694	0.07692307692307694	)
		(	0.07692307692307694	0.07692307692307694	0.07692307692307694	0.07692307692307694	0.07692307692307694	0.07692307692307694	0.07692307692307694	0.07692307692307694	0.07692307692307694	0.07692307692307694	0.07692307692307694	0.07692307692307694	0.07692307692307694	))
		((	0.06666666666666667	0.06666666666666667	0.06666666666666667	0.06666666666666667	0.06666666666666667	0.06666666666666667	0.06666666666666667	0.06666666666666667	0.06666666666666667	0.06666666666666667	0.06666666666666667	0.06666666666666667	0.2	)
		(	0.004484304932735426	0.004484304932735426	0.004484304932735426	0.004484304932735426	0.004484304932735426	0.004484304932735426	0.004484304932735426	0.02242152466367713	0.07623318385650224	0.2556053811659193	0.1210762331838565	0.17488789237668162	0.3183856502242152	)
		(	0.0012970168612191958	0.0012970168612191958	0.0012970168612191958	0.0012970168612191958	0.0012970168612191958	0.0012970168612191958	0.016861219195849545	0.058365758754863814	0.08949416342412451	0.17250324254215305	0.17769130998702984	0.14396887159533073	0.3333333333333333	)
		(	0.0016	0.0016	0.0016	0.0016	0.0016	0.0016	0.008	0.0496	0.0624	0.2	0.184	0.1328	0.3536	)
		(	0.001443001443001443	0.001443001443001443	0.001443001443001443	0.001443001443001443	0.001443001443001443	0.001443001443001443	0.012987012987012988	0.03318903318903319	0.11688311688311688	0.2352092352092352	0.1919191919191919	0.1746031746031746	0.22655122655122656	)
		(	0.0033670033670033673	0.0033670033670033673	0.0033670033670033673	0.0033670033670033673	0.0033670033670033673	0.0033670033670033673	0.0033670033670033673	0.04377104377104378	0.10437710437710439	0.1245791245791246	0.11111111111111112	0.2457912457912458	0.34680134680134683	)
		(	0.009900990099009901	0.009900990099009901	0.009900990099009901	0.009900990099009901	0.009900990099009901	0.009900990099009901	0.009900990099009901	0.009900990099009901	0.04950495049504951	0.10891089108910891	0.1485148514851485	0.24752475247524752	0.36633663366336633	)
